49802
57271
26337
41405
11072
28943
64706
33152
65347
600
63854
17968
47174
11015
43328
8050
62865
43211
34972
21722
62182
58010
36237
24496
1283
16938
1583
28608
7799
40478
35881
15173
33133
48092
3958
16777
1826
14248
16158
22358
22795
34728
3116
19000
15274
64462
52660
9770
38109
32015
49939
38596
12342
53847
40765
33682
51502
36198
11237
21816
34240
44430
24885
55471
37247
65123
60757
60787
51966
15585
45583
44310
41040
58116
17714
33982
3297
59395
50525
28117
49294
55062
4089
39095
30210
59338
33101
7394
25480
38326
17497
44130
3479
60011
59524
36319
64445
57233
32367
55379
24530
4310
7913
53087
29161
18895
9692
27958
31414
15192
64232
25083
30494
64210
20698
48703
13253
35774
57387
59622
21457
3664
50683
38720
7203
48035
37866
4572
6433
22112
25932
55388
57855
26024
54848
35995
50897
29568
53477
12203
8037
43181
53039
3115
3492
51647
25655
61256
49104
40041
51515
30398
54058
44412
26784
35976
14095
59101
18115
39654
33051
15978
64780
27488
48487
25223
14990
64344
30684
52184
21931
14145
42490
11619
3878
33949
45255
18771
53267
12508
44507
43263
13304
19014
47691
20286
55110
34472
54109
60486
6743
48022
48393
24289
47733
1044
56964
59341
59358
6580
9846
42512
26751
8626
17576
1452
42694
23508
60092
19062
31100
50919
31400
24128
26662
6131
3267
22800
3810
56267
6725
45930
40776
30979
16563
53883
55808
8268
30850
17417
63608
50615
2653
61709
2027
39895
27682
12765
4341
32067
44606
45548
59669
24315
3223
42000
49402
39353
43307
56977
59942
16085
8975
2302
7164
6625
10183
20586
56030
43077
57438
55826
59014
36537
9302
60563
36607
42788
11256
3266
1136
2794
26249
57807
40096
50189
35139
60417
19778
31980
40548
1844
23120
26988
8681
28089
18434
11944
14416
54858
18178
5857
64760
14367
35523
57284
21996
24437
46233
51245
52207
29425
56758
45566
35925
50170
58759
39739
27
12525
52368
59684
42451
13560
52466
61171
3014
46625
1156
21167
43566
13076
18481
60137
52274
8145
47141
757
56873
52935
63406
40488
6749
64279
17907
63619
16334
62850
54376
43407
27131
10117
35173
8220
17044
27669
16056
47249
12084
64353
37289
9811
13208
62226
35334
57685
32011
65353
62594
32220
47951
13841
63639
25453
61313
48973
38631
1014
26509
37664
45471
8891
32201
8158
36952
46739
1468
31664
31544
43571
16952
23832
49413
536
55947
11469
59645
30855
40629
23355
52798
18146
29073
49283
16217
55035
26075
14190
31700
22764
54424
9900
33484
32994
55820
6157
50246
58932
30606
26509
2489
61577
25895
5163
42240
58059
2895
44803
28287
15504
58547
43517
20215
21418
46800
801
61167
3831
18317
42079
20322
5041
60244
13701
7522
25941
902
32688
20342
30833
9653
37568
18173
30733
39555
22169
15681
3746
29672
3990
6634
23668
65518
8090
2856
112
33618
14332
58773
46129
12460
35949
46736
6639
20869
61453
17967
601
47314
11397
61892
51817
22145
11105
11277
3332
13263
35916
40984
62306
9367
7040
63135
2151
3286
60135
20185
53359
1919
64095
51729
9890
59042
51349
63642
50508
8517
33299
24037
36324
6903
65529
43982
27083
57631
22332
16896
42112
45935
21740
8422
48508
30031
10181
65285
6419
5748
25489
59210
1855
1687
1027
34303
2803
25732
41690
37858
34575
8446
33866
6822
15717
11019
48574
18204
51891
43732
41347
17094
20062
41855
57006
62346
10291
12335
50019
19608
32730
11916
43311
2453
39740
5744
27458
44311
49403
7275
34203
36830
1216
32871
3770
52875
19072
7363
37720
15179
38546
18740
10627
59123
20560
57773
3625
52427
1726
33027
19013
5365
23
39600
13145
54880
226
17454
57926
20859
17219
60880
48092
3071
11723
39546
60462
47923
32982
65046
53427
28723
5131
18785
4690
24713
59862
57366
63272
65469
1638
10676
55607
62429
45405
38495
53940
64134
20277
40446
30526
50431
61318
20712
49825
35738
51744
15472
28332
62024
54464
13265
20915
23832
10200
40000
45955
706
16712
23321
9849
38963
10668
31688
8916
580
51903
10780
41735
60603
15646
8654
21901
51060
47157
14072
43833
32470
473
61884
25828
17162
33561
19252
6343
1231
28332
42936
2775
38616
63954
1082
15555
61986
31850
38621
42364
14940
14093
38793
28236
18494
30673
37129
2049
41456
16122
8118
3733
34963
24024
54531
45218
46300
14840
41099
39546
20199
61459
31975
61171
56784
62073
41461
23124
19982
33012
27678
49732
43162
29210
55939
197
50300
53802
43344
48127
44828
22583
58268
4503
340
49516
26134
65087
3788
51834
23239
14853
15832
59989
45920
33547
48967
44573
9372
56311
57972
54843
1730
13544
59845
12025
48952
60935
18881
52503
16949
1465
53369
30602
45896
64101
14122
56561
58607
7447
60443
58236
15386
30435
33321
14169
26977
27545
42294
58490
12335
59587
59957
38637
39298
27837
30206
18244
3394
18198
41690
63729
53235
42334
20654
34124
52180
54973
60063
39281
45479
30965
56778
21859
51089
19296
60059
51846
59666
17423
33988
48171
39734
20718
12284
61852
53527
18083
14536
29531
18374
49516
19399
45027
52011
52556
45775
40218
24622
45889
34972
64842
12658
13452
6436
24284
15275
15406
12629
51108
29370
54663
5126
11689
25245
15774
38573
31193
60335
43001
62998
19368
33416
53013
56669
43341
32156
26950
61097
13645
14196
58322
41304
2510
47257
25825
13125
33437
57847
39157
42505
45761
44030
36468
44244
3923
37514
12736
7884
45661
5484
31371
64595
4831
52229
10171
38393
58914
46044
59040
39437
12166
32845
56536
7231
4577
63862
60868
27047
26153
13226
28132
13604
14607
13334
47960
23688
19050
42046
56272
59623
20517
35291
35208
41833
51520
44178
17080
32546
30285
54293
64884
32535
21033
22854
7581
43230
2467
30823
32575
63404
14735
21309
42566
19444
4810
56586
116
41170
47382
53477
14519
46338
46745
64112
49010
6354
2268
14962
16939
45112
38674
55740
64213
8056
43745
36391
43929
60616
20235
34002
13321
63780
10287
23301
57363
6612
32280
2540
38007
20859
11623
55674
34706
24319
11432
47613
17678
63643
10962
17138
53001
11801
43633
46669
3070
42182
23077
2641
40647
61064
27532
14102
20724
23005
21116
204
28800
44627
53993
45584
48183
14131
8536
50076
36492
55304
19185
11566
348
13171
13720
2176
26157
59346
34693
